                                                                                                                                                                                                                                    
                                                                                                                                                                                                                                    
                                                                                                                                                                                                                                    
  0                                                                                                                                                                  0                                                              
   0                                                                                                                                                                 0                                                              
   0000                                                                                                                                                              0                                                              
   00                                                                                                                                         0                      0                                                              
    00                                                                                                                                      0 000                   000                                                             
   0000                                                                                                                                    3030  0                  00                                                         0    
    000                                                                                                                                    0000                    000                                                          0   
     000                                                                                                                                    000                    000                                                          0   
     000                                                                                                                                    0000                   00                                                         000   
      000                                                                                                                                   0000                   00                                                        0 00   
      000                                                               00                                                                 00000                  000         0000000000000                                 00  0   
       000                                                          0  000                                                               00 000000                00000     0000    0000000                                00  00   
        00                              00              0000       000000                                                               0000000 00000             00000 00000      00                                      0   0    
        000                            000               000       0 0000                                                           000000  000     000           000000000                            0000               00 0 0    
         00                           0 0                0000      0 0000                                                         0000 00   000      00          2000000                                0000              0000 0    
         000           00              00                0000      00000                                                        00000 00   000       00          000000                                  0 0             000000     
          000          00             00                 0000      00000                                                      000000 000   000       00         0000000                                  000             000000     
          000           00           000                00000      0000                                            00        000000 000    000        00       00000000                                 0000            000000      
           000           00         000                 00000      0000                                        0000000000 00000000  00     000       00      00000 000                                  0000            00000       
           000            00        000                 0000      00000                                   000000000000000000000    000     000       00     900    000                                  0000           00000        
            000           000       000                 0000      00000                             0 0000           00  000 200   000    000        00    000     00                                   0000           0000         
             000           000      000                 0000     200000                            0000                000   000  000     000       000    00      00                                   0000          00000         
              00           0000     000                 0000     0 0000                          000                  000     0 00000     00       000    000     600                                   00000         0000          
              000          00000    000                 000      0 000000                       00                  0000      0000000  000007     000     000     000                                    00000       00000          
               000            000  000                 0000      0 000 00                     00                   000         0000 0   000002000000      000     00                                     00000       0 00           
               600            0000 000                 0000      0 00000                     000                  000          000000   000000000           00000 00                                     000000     00000           
                000             0000000                000       0000000    000000          000                 000            00000   00000                 0000000                                     000000    00000            
                 005             000000               0000       0000000000000000000       0000                000             00000   000000                  0000000000000                                0000   00000            
                 000              00000               000        0000000         000       000               0000              000 0   000000                   000000                                       000 000000             
                  000              0000               000        000000           000     000              00000               00  0  0000 00000               0000                                          000 0000               
                   002             0000              0000        000000           000     009             0000                 000 0   000  0000              00000                                           0000000               
                   900             00000             000         000000            00     0             900                   0000 00  00    0000            10000                                            0000 0                
                    000            000000           0000         000000            00    00            000                   00000100 000     000            0  00                                            00000                 
                     000           0000000          000          00000             00    00           000                    0070 000 00       0000         00  00                                           00000                  
                     000          0000 0000         00           00000            000    000     00  00                     0000  000000        0000       00   00                                           000000                 
                      000         0 00000000       000          000000            00 0    00    000 00                    700000 0000000         0000      0    00                                          0000000                 
                      000           0000 0000      00           000000             0 0    000   00000                    000  000000000          0000     00    00                                         0000 0000                
                       000         00000  000     000           00000              000     000 00000                    000   0 0000000           00      000   00                                        000   000000              
                        00000      00000  0000    00            0000               00      00000000                    0000   00000000             00     000   00                             00        000      0000              
                         00000      0000   0000  000            0000                000     000000                     000      000000             000    0000  000                       0000000       00        0000              
                          00000     0000     000000             0000                 000000000000                    000        000000              000    0000 000                      0000000     00000        0000              
                           00000    0000      0000              0000                   000   0000                  0000           000                00     000000                      00 0000      0000          0000             
                            00000   000                         0000                        0000000              000              000                 00      000000                  0000000       000            0000             
                            000000  000                         0000                      00000   000 000     000                 00                  00        0000000 000009  000 0000000        0000             000             
                             000000 00                            00                     00000      00000000002                   00                  000        00000000000000000000000          0000              0000            
                              00000000                            00                    00000                                                          000       00       0000000000             0000                000            
                                 00000                            00                   0000                                                            900 0     00                             0600                 0000           
                                  0000                            00                  000                                                               0000     00                           0010                    000           
                                  60                                                 00                                                                  00 0    000                                                  0000          
                                                                                    00                                                                    00 0   000                                                  00            
                                                                                  000                                                                     00 0   00                                                    0            
                                                                                 00                                                                        00 0  00                                                                 
                                                                                00                                                                         0000                                                                     
                                                                                                                                                            0                                                                       
                                                                                                                                                                                                                                    
